501644667
491815542
500517167
499510916
501054083
499389417
500437500
499516708
500461083
499491042
500469000
499456416
500552125
499532416
500445375
499501958
500474000
499538083
500459208
499535667
500545125
499543583
500453000
499548375
500446084
499551041
500478584
499525292
500521750
499531209
500448292
499546875
500455042
499556917
500443583
499546208
500445750
499547000
500509125
499505583
500451792
499552791
500445458
499544749
500442083
499498916
500429000
499549167
500517292
499521125
500511292
499520000
500456584
499473083
500517126
499522792
501025792
499531625
500534417
499433333
500492500
499519875
500473833
499552875
500447167
499551125
500491667
499542333
500470125
499533000
500455917
499532624
500452958
499553708
500498584
499519250
500460875
499551624
500461792
499524750
500462250
499554875
500508500
499540792
500439458
499524667
500473667
499544084
500455626
499530250
500538042
499512041
500462416
499553041
500452042
499564000
500447916
499531792
500511375
499553875
500448041
499552417
500456459
499544292
500442667
499561499
500436792
499420459
500522041
499510125
500449834
499546292
500455292
499546333
500599500
499510750
501053376
499224000
500620291
499460000
500441708
499553542
500468834
499545416
500457167
499544958
500495583
499537208
500465792
499536584
500477542
499530375
500512334
499539875
500498625
499550875
500448458
499548166
500445167
499552375
500455709
499545084
500519750
499540583
500451917
499543333
500437792
499544458
500455333
499521292
500555000
499533584
500457667
499545334
500457875
499548833
500448167
499549417
500526334
499551125
500450000
499538208
500449292
499533125
500445375
499545708
500436417
499540333
500513333
499519000
500472708
499556709
500462626
499535750
500542500
499516708
500479959
499521916
500510708
499520208
500500750
499527875
500541625
499541833
500465208
499545250
500450667
499550833
500448958
499542917
500459750
499406625
500465667
499536125
500472417
499535541
500472250
499537458
500533208
499546291
500457375
499551334
500451500
499550334
500466500
499526167
500460250
499545750
500449167
499536750
500433333
499513916
500471084
499541917
500453292
499509708
500454500
499520833
500453167
499546042
500442875
499554542
500447167
499457708
500463375
499532458
500446417
499561208
500466250
499545125
500458417
499485875
500473917
499527792
500459667
499481250
500542500
499492042
501142625
499448625
500530959
499547875
500457791
499549291
500447709
499499125
500452584
499452791
500479500
499537500
500446792
499546750
500460375
499494292
500481875
499517209
500455417
499537000
500462000
499554958
500447959
499466083
500483375
499553166
500444625
499554625
500455166
499510458
500460708
499459333
500456000
499547416
500445125
499526375
500466250
499532458
500443833
499489875
500460584
499496125
500445250
499555541
500447292
499546708
500430458
499463834
500452834
499546625
500436583
499529125
500452583
499552958
500472916
499425542
500473375
499487083
500478792
499463541
500476666
498927875
500503792
499519583
500450917
499551250
500451417
499547042
500452417
499535708
500553458
499463709
500479625
499535792
500464750
499544125
500465375
499528708
500469209
499535791
500459917
499549042
500444875
499541875
500449625
499548625
500512625
499539791
500459166
499530333
500448709
499525500
500450167
499561250
500506000
499527625
500469500
499541500
500446708
499536666
500475875
499522958
500555416
499551125
500432708
499554750
500492417
499532583
500452750
499522625
500549083
499535042
500458292
499531209
500476834
499549500
500455916
499534208
500573167
499486958
501055458
499457667
500542667
499477083
500457917
499533541
500447542
499550000
500552167
499499749
500988875
499521125
500513750
499518833
500458750
499537792
500441500
499526958
500457209
499451250
500478501
499533292
500453833
499495042
500450416
499549375
500451917
499504458
500447625
499547792
500438333
499530834
500457500
499493125
500482834
499524875
500465250
499536166
500434375
499552458
500452417
499451500
500436208
499564041
500448542
499548083
500442917
499556333
500442667
499445958
500452208
499546292
500489542
499533583
500453250
499549958
500451083
499536250
500527958
499507500
501074584
499442000
500599333
499369208
500573125
499433958
500451084
499551292
500454708
499461125
500447250
499535208
500475167
499548000
500509708
499523083
500464167
499522583
500481250
499538583
500462125
499534250
500454375
499558333
500575500
499475500
500489625
499544833
500456541
499548250
500454250
499537000
500557125
499539875
500454208
499536625
500456000
499553334
500439458
499539542
500548917
499525625
500442833
499564917
500456626
499539042
500462083
499555958
500443458
499546917
500437126
499539667
500464542
499525708
500460375
499488167
500486834
499506459
500481375
499467875
500485000
498928583
500540875
499434917
500568416
499357125
500485083
499541125
500468125
499484833
500476125
499520834
500466209
499505417
500447250
499548417
500517625
499436750
500525375
499536167
500483792
499509125
500453625
499545792
500454791
499489709
500453000
499465709
500477334
499540749
500461958
499539125
500450292
499513542
500448042
499535917
500449042
499547833
500440875
499561292
500476500
499466625
500451709
499549625
500453333
499545959
500461501
499554833
500443000
499477250
500458333
499551166
500460125
499542250
500457333
499547416
500446459
499465042
500465042
499484125
500486666
498805458
500585125
499427917
500535250
499471292
500513042
499523416
500451125
499466958
500456208
499548292
500494375
499544875
500460083
499540959
500444334
499411458
500481542
499545708
500461458
499519667
500460750
499532250
500447583
499480417
500461916
499471791
500481625
499496833
500498042
499545625
500449458
499489000
500445750
499545500
500445000
499548584
500441000
499550542
500444166
499460291
500470125
499546834
500456833
499534584
500440375
499547166
500447084
499548541
500491416
499535833
500463291
499520667
500458000
499548291
500467417
499531334
500468625
499263250
500513167
499515875
500486959
499532084
501119126
499490875
500459333
499533708
500445917
499548708
500454542
499513583
500519959
499544209
500456166
499544500
500453542
499551041
500466667
499543375
500521708
499538291
500489750
499529250
500546584
499494708
500467709
499541209
500478625
499553833
500457542
499552250
500439417
499556542
500445625
499471667
500551333
499523875
500453833
499542459
500446500
499540958
500448250
499531083
500523542
499522542
500467708
499547583
500445375
499543542
500444583
499545500
500497917
499535292
500463167
499537375
500447875
499552625
500449416
499565791
500573542
499518375
501067833
499406167
500541042
499537624
500443542
499541167
500495250
499553125
500450791
499537291
500494375
499552750
500444000
499537750
500461583
499562916
500448125
499555792
500436333
499549750
500508667
499550625
500462625
499470625
500478625
499544375
500431042
499563792
500529792
499539917
500434625
499565125
500444792
499488791
500465292
499480875
500519541
499527500
500448083
499539833
500451084
499546250
500478084
499535208
500513708
499540667
500450667
499553709
500459625
499533042
500448583
499539708
500496792
499539167
500447584
499554959
500485584
499541875
500537459
499452500
500569458
498882291
500551792
499443708
500517625
499522458
500495291
499530041
500458042
499464625
500466417
499539167
500472083
499527208
500494792
499519250
500463251
499527667
500469792
499535291
500503750
499532500
500442250
499507125
500480416
499534291
500445916
499560624
500465709
499484166
500443000
499555459
500580875
499482124
500468917
499534500
500513250
499543834
500460917
499538334
500460583
499544708
500451875
499474459
500558542
499513167
500460042
499547542
500462125
499533583
500455875
499538708
500524375
499543541
500453000
499545625
500460042
499543958
500443375
499473167
500606375
499516208
501046542
499457583
500458833
499438667
499551417
500449916
499543500
500480041
499484042
500521500
499534416
500525125
499545042
500438750
499549959
500453084
499555000
500462834
499557292
500520583
499560875
500452333
499550083
500461083
499551959
500447333
499537166
500454501
499511667
500457167
499545250
500460084
499546875
500455333
499551833
500458917
499483500
500457208
499524000
500479417
499550250
500455500
499543459
500536667
499540375
500500584
499547708
500465292
499531375
500527250
499521584
500550125
499543625
500480458
499551875
500461001
499536250
500518917
499515834
501140500
499447208
500551667
499553750
500524584
499530833
500526750
499536583
500490125
499534375
500456667
499555250
500440209
499512875
500531166
499548459
500452541
499535291
500451917
499533250
500452125
499546500
500539667
499563417
500442292
499533917
500455875
499531041
500466542
499539874
500525875
499524333
500462042
499539458
500444584
499558500
500453209
499537500
500523000
499540333
500526334
499508250
500479125
499458875
500491791
499514250
500528126
499523083
500467208
499543708
500484334
499542083
500530208
499516167
500474750
499550417
500451166
499542375
500460000
499489708
500490416
499531417
501066833
499443542
500535833
499454333
500475583
499543500
500483083
499535916
500455292
499545083
500457917
499544708
500444459
499553708
500500417
499545459
500456584
499558999
500463792
499541500
500453042
499554000
500521709
499556166
500481458
499546542
500467500
499539459
500451501
499537167
500524083
499544250
500445792
499562584
500447500
499478917
500499167
499520417
500559791
499451166
500501125
499525625
500460458
499544792
500451875
499518625
500528041
499532584
500451209
499489125
500478833
499495374
500474000
499502500
500480291
499544167
500459958
499479542
500476458
498910875
501247542
499428792
500610751
499433583
500449875
499535083
500474959
499530417
500454667
499558916
500453000
499511000
500459834
499557833
500488375
499538959
500445625
499559209
500431791
499554916
500451125
499554250
500519833
499586667
500453959
499558958
500471375
499525708
500462042
499534416
500528376
499541000
500450875
499548917
500438209
499552084
500453542
